12.940444215220362
10.831417012511208
9.948265275988888
9.377238681018985
8.957531927138223
8.627949098796826
8.358173559799578
8.13097040244521
7.935676730496621
7.765298521234746
7.6150276704962545
7.481416849757446
7.36189601320007
7.254479524569245
7.157584287690711
7.0699142574426865
6.9903853909492595
6.918075619290209
6.852190535278697
6.792039116871392
6.737015981102535
6.686587981865871
6.640283770707576
6.59768543639651
6.558421647727048
6.5221619177156445
6.488611730204498
6.45750834875338
6.428617179047326
6.401728590026693
6.376655121861484
6.353229024686089
6.3313000831669095
6.310733690070063
6.29140913803808
6.27321810342428
6.256063299695458
6.239857280877025
6.224521377966016
6.209984753302453
6.196183559655118
6.183060192304756
6.170562623739963
6.158643811750813
6.1472611727372115
6.13637611296227
6.1259536112910355
6.115961847674397
6.106371872277538
6.09715731072118
6.088294101409728
6.079760261370491
6.0715356774283356
6.0636019198959366
6.05594207627607
6.048540602753427
6.041383191503049
6.0344566520642084
6.0277488052253805
6.021248388040651
6.014944968752959
6.008828870537104
6.002891103097518
5.997123301263995
5.991517669824584
5.986066933920014
5.980764294399475
5.975603387604551
5.970578249107499
5.965683280982671
5.960913222236629
5.956263122063891
5.9517283156320095
5.947304402132268
5.942987224861224
5.938772853123982
5.934657565772853
5.930637836215348
5.926710318743323
5.922871836051138
5.919119367824805
5.915450040296733
5.91186111667189
5.908349988341097
5.904914166806123
5.901551276249059
5.898259046685495
5.8950353076473085
5.891877982346357
5.888785082275448
5.88575470220727
5.882785015556022
5.87987427006992
5.877020783825967
5.874222941501151
5.871479190896801
5.868788039694988
5.866148052427996
5.863557847643589
5.8610160952504895
