86.48207134365428
65.56334206969245
57.43651986202358
51.97314183858989
47.72856199737883
44.20962674322237
41.184740863417716
38.52349059204675
36.14436276344394
33.993190705623675
32.032409107502154
30.23499480470736
28.580810335109813
27.05431659832448
25.64311155896968
24.336982531514515
23.12728325737383
22.006518763293155
20.968064451128992
20.005972772406903
19.114837697209857
18.289697826514857
17.52596574804208
16.819375537297102
16.16594305635836
15.56193546786209
15.003847517599237
14.488382873208371
14.012439283905447
13.573096640537106
13.167607226878511
12.793387600994656
12.44801165454665
12.12920448368683
11.834836776905744
11.562919487954014
11.311598618151265
11.079149982777846
10.863973880734772
10.66458962485156
10.479629921757606
10.307835114980149
10.148047323073147
9.99920451660164
9.86033458443271
9.730549441900738
9.609039231971092
9.495066666458996
9.387961548531361
9.2871155108767
9.191976996684724
9.10204650340718
9.016872102517588
8.936045242377052
8.859196835976636
8.785993630818226
8.71613485451247
8.649349126771785
8.58539162628991
8.524041499444884
8.465099496751108
8.408385822430755
8.3537381822924
8.301010015219509
8.25006889391636
8.200795081076219
8.153080227776844
8.106826201631321
8.061944032994354
8.018352968319371
7.975979620559467
7.9347572072895165
7.894624867986347
7.8555270526303005
7.817412974479386
7.780236120513178
7.7439538136459385
7.708526821366851
7.673919005980225
7.640097012091468
7.607029987417328
7.574689333393422
7.543048482410774
7.512082698838567
7.481768901284621
7.452085503811221
7.42301227406357
7.394530206484183
7.366621408980512
7.339269001587475
7.3124570258228845
7.286170363573848
7.260394664477745
7.235116280873516
7.210322209499479
7.1860000392034085
7.1621379040108435
7.138724440968904
7.115748752246786
7.093200371030882
