858.2260464124713
649.7169326382036
568.9348749729521
514.4246322850223
471.875066971675
436.45416143695905
405.90667609152933
378.961518714503
354.82041517134627
332.94966855794235
312.9768716686491
294.63263142213407
277.7152842763223
262.06872257836767
247.56815561506653
234.11082385632187
221.60985961978744
209.990169962793
199.18563199712796
189.1371482287294
179.79127146451577
171.09921153594405
163.0161016294443
155.50044406340697
148.51368246878098
142.0198649061631
135.98537389896612
130.37870685098633
125.1702952366593
120.33235419841644
115.83875633887948
111.66492493673317
107.7877427953702
104.18547361980113
100.83769332079316
97.72522903858516
94.83010400826313
92.13548668285998
89.62564280331783
87.28588936257795
85.10254965447427
83.06290882384079
81.15516953806697
79.36840757815928
77.69252729615874
76.11821700404477
74.6369044472134
73.24071257498008
71.92241585427416
70.67539738454366
69.49360706607592
68.37152105473085
67.30410270751045
66.2867651890577
65.31533587213129
64.38602262778808
63.49538206526308
62.64028974866838
61.817912388458616
61.02568198055928
60.26127184524745
59.52257450120442
58.807681297360276
58.11486371585572
57.442556253234265
56.78934078341156
56.1539323046154
55.535165972943645
54.93198532707716
54.343431611680806
53.76863411084198
53.20680140729055
52.65721348791023
52.11921462102897
51.59220693602486
51.07564464080504
50.56902881762647
50.07190274246654
49.5838476776827
49.10447909198698
48.633443265795
48.17041424377234
47.715091099901805
47.267195483629436
46.82646941862738
46.39267332844709
45.965584265838515
45.54499432479524
45.13070921646312
44.722546991939964
44.32033689670453
43.92391834296382
43.533139987608024
43.147858904727016
42.76793984278181
42.39325455755139
42.02368121289879
41.65910384223046
41.29941186426912
40.944499647429666
