23.512778547038867
22.99104552149846
22.66341320916812
22.414867070588947
22.210269597979632
22.033848364980084
21.87715954485036
21.735167643251717
21.604630594977927
21.483333838721492
21.369691372071458
21.262522930918173
21.1609222529223
21.06417531816636
20.97170742780475
20.883047674658435
20.797804320759646
20.715647255206342
20.63629519035901
20.559506115507663
20.485070044012588
20.41280340994365
20.342544673965403
20.274150831167077
20.207494602258098
20.142462149958124
20.078951204300232
20.016869510105746
19.956133531046238
19.89666736008215
19.838401797391324
19.78127356534751
19.725224636485624
19.670201655257607
19.616155438137096
19.563040539555285
19.510814873448226
19.459439382017553
19.408877744761313
19.35909612200258
19.310062928091448
19.261748630229242
19.214125569497213
19.16716780119441
19.120850952021982
19.075152092011244
19.030049619393832
18.985523156864954
18.941553457903517
18.89812232199313
18.855212517740583
18.812807713018664
18.770892411371324
18.729451894014307
18.688472166846395
18.647939911956744
18.607842443174945
18.568167665263022
18.52890403639464
18.49004053360659
18.45156662094254
18.4134722200395
18.3757476829342
18.338383766890086
18.301371611066248
18.264702714867965
18.228368917834587
18.192362380934846
18.156675569152313
18.121301235255086
18.086232404653753
18.05146236126075
18.016984634272145
17.982792985800153
17.94888139929109
17.91524406866925
17.88187538815241
17.848769942689373
17.815922498974125
17.783327996995116
17.7509815420815
17.71887839741141
17.687013976950134
17.655383838788662
17.62398367885535
17.592809324975722
17.561856731257226
17.531121972777623
17.500601240557305
17.470290836797272
17.44018717036591
17.410286752518918
17.38058619283789
17.35108219537406
17.32177155498481
17.292651153851182
17.26371795816574
17.2349690149806
17.20640144920641
17.17801246075336
