6.434425225043198
6.277644282925413
6.226969319975255
6.207412115365685
6.1995355071077345
6.196312411168278
6.194982591710751
6.194430554841689
6.194200044355783
6.194103183495854
6.194062197386092
6.194044719697192
6.194037203243476
6.194033941009483
6.194032511361238
6.194031878478012
6.194031595415093
6.194031467505942
6.19403140912331
6.194031382217203
6.194031369704363
6.194031363836234
6.1940313610632325
6.1940313597438825
6.194031359112369
6.194031358808501
6.194031358661624
6.194031358590353
6.194031358555657
6.194031358538719
6.19403135853043
6.194031358526367
6.194031358524371
6.1940313585233895
6.194031358522906
6.194031358522669
6.194031358522551
6.194031358522494
6.194031358522465
6.194031358522451
6.194031358522444
6.19403135852244
6.194031358522439
6.194031358522437
6.194031358522437
6.194031358522437
6.194031358522437
6.194031358522437
6.194031358522437
6.194031358522437
6.194031358522437
6.194031358522437
6.194031358522437
6.194031358522437
6.194031358522437
6.194031358522437
6.194031358522437
6.194031358522437
6.194031358522437
6.194031358522437
6.194031358522437
6.194031358522437
6.194031358522437
6.194031358522437
6.194031358522437
6.194031358522437
6.194031358522437
6.194031358522437
6.194031358522437
6.194031358522437
6.194031358522437
6.194031358522437
6.194031358522437
6.194031358522437
6.194031358522437
6.194031358522437
6.194031358522437
6.194031358522437
6.194031358522437
6.194031358522437
6.194031358522437
6.194031358522437
6.194031358522437
6.194031358522437
6.194031358522437
6.194031358522437
6.194031358522437
6.194031358522437
6.194031358522437
6.194031358522437
6.194031358522437
6.194031358522437
6.194031358522437
6.194031358522437
6.194031358522437
6.194031358522437
6.194031358522437
6.194031358522437
6.194031358522437
6.194031358522437
6.194031358522437
6.194031358522437
6.194031358522437
6.194031358522437
6.194031358522437
6.194031358522437
6.194031358522437
6.194031358522437
6.194031358522437
6.194031358522437
6.194031358522437
6.194031358522437
6.194031358522437
6.194031358522437
6.194031358522437
6.194031358522437
6.194031358522437
6.194031358522437
6.194031358522437
6.194031358522437
6.194031358522437
6.194031358522437
6.194031358522437
6.194031358522437
6.194031358522437
6.194031358522437
6.194031358522437
6.194031358522437
6.194031358522437
6.194031358522437
6.194031358522437
6.194031358522437
6.194031358522437
6.194031358522437
6.194031358522437
6.194031358522437
6.194031358522437
6.194031358522437
6.194031358522437
6.194031358522437
6.194031358522437
6.194031358522437
6.194031358522437
6.194031358522437
6.194031358522437
6.194031358522437
6.194031358522437
6.194031358522437
6.194031358522437
6.194031358522437
