7.3512587763257065
6.58705134719709
6.3258388947046065
6.1856096771007065
6.095051269559744
6.030846740222404
5.982691697479764
5.945155316908625
5.915047675567648
5.890358170199704
5.869754388125772
5.852318208579967
5.837396022747344
5.824509105162372
5.8132978141150975
5.803485739798629
5.794856049175316
5.787235509015194
5.780483462466058
5.774484070384658
5.769140746175167
5.764372090824009
5.760108871346444
5.756291736761209
5.752869463630348
5.749797587721166
5.747037321460976
5.744554686047263
5.742319807092556
5.7403063365772695
5.738490973644473
5.736853063709168
5.735374260345576
5.734038238047931
5.732830446634123
5.731737900052628
5.730748993852525
5.72985334671812
5.7290416623483065
5.7283056086440745
5.727637711704379
5.727031262556177
5.726480234885222
5.725979212309254
5.725523323959238
5.725108187317937
5.724729857417043
5.724384781620348
5.72406975932621
5.723781906011704
5.723518621116192
5.723277559326324
5.723056604879319
5.722853848548499
5.722667567015716
5.72249620437041
5.722338355505571
5.722192751207434
5.722058244758915
5.721933799897115
5.721818479983025
5.721711438257211
5.721611909069091
5.721519199979574
5.721432684647608
5.721351796420747
5.721276022558275
5.721204899022957
5.7211380057842
5.721074962581278
5.721015425100682
5.720959081526291
5.720905649425341
5.720854872936921
5.720806520233115
5.7207603812259125
5.720716265495713
5.7206740004197165
5.7206334294806105
5.720594410737941
5.7205568154463275
5.7205205268062045
5.720485438834238
5.7204514553417996
5.720418489011032
5.720386460559087
5.720355297982012
5.720324935870604
5.7202953147913265
5.720266380726009
5.720238084564693
5.720210381646552
5.720183231344239
5.720156596687549
5.7201304440226215
5.7201047427032865
5.720079464811502
5.720054584904115
5.720030079783422
5.7200059282893
5.71998211111083
5.71995861061558
5.7199354106948865
5.719912496623589
5.71988985493288
5.719867473295028
5.719845340418839
5.719823445954858
5.719801780409385
5.719780335066495
5.71975910191728
5.719738073595656
5.719717243320126
5.719696604840917
5.719676152392001
5.719655880647563
5.7196357846824535
5.719615859936305
5.7195961021809385
5.719576507490762
5.71955707221589
5.719537792957716
5.719518666546737
5.71949969002238
5.7194808606146905
5.719462175727679
5.719443632924184
5.719425229912109
5.719406964531915
5.719388834745237
5.7193708386245365
5.719352974343684
5.719335240169391
5.719317634453428
5.719300155625506
5.719282802186842
5.719265572704263
5.719248465804858
5.719231480171101
5.719214614536408
5.719197867681089
5.719181238428659
5.719164725642476
5.719148328222676
5.719132045103375
5.7191158752501225
5.719099817657573
5.719083871347364
5.719068035366179
5.719052308783975
